日付,始値,高値,安値,終値,出来高,売買代金
2017-09-29,6703.00,6729.00,6698.00,6710.00,5879200,39438999100
2017-09-28,6779.00,6793.00,6710.00,6769.00,6139100,41504380700
2017-09-27,6752.00,6778.00,6735.00,6748.00,5465900,36916080800
2017-09-26,6780.00,6832.00,6774.00,6815.00,7867900,53588070400
2017-09-25,6781.00,6794.00,6762.00,6784.00,5874600,39827130000
2017-09-22,6750.00,6787.00,6732.00,6733.00,7333100,49543263300
2017-09-21,6774.00,6788.00,6737.00,6738.00,7048000,47667280600
2017-09-20,6683.00,6730.00,6672.00,6703.00,7543900,50558890800
2017-09-19,6600.00,6730.00,6600.00,6729.00,12343800,82308489300
2017-09-15,6409.00,6492.00,6398.00,6480.00,9607100,62154367500
2017-09-14,6416.00,6438.00,6409.00,6431.00,4994700,32104390500
2017-09-13,6400.00,6424.00,6398.00,6417.00,4724400,30284516600
2017-09-12,6368.00,6383.00,6352.00,6361.00,6073100,38678784200
2017-09-11,6270.00,6319.00,6251.00,6296.00,5982500,37657021200
2017-09-08,6285.00,6287.00,6205.00,6220.00,8546200,53476648800
2017-09-07,6205.00,6256.00,6197.00,6235.00,5681500,35424918500
2017-09-06,6167.00,6193.00,6137.00,6165.00,4913300,30309813700
2017-09-05,6189.00,6220.00,6180.00,6219.00,5118800,31754791600
2017-09-04,6165.00,6202.00,6157.00,6169.00,4348200,26854578000
2017-09-01,6215.00,6217.00,6151.00,6182.00,3710200,22927527100
2017-08-31,6184.00,6214.00,6176.00,6183.00,5004200,30983157100
2017-08-30,6135.00,6158.00,6112.00,6151.00,5266000,32331228500
2017-08-29,6075.00,6109.00,6067.00,6090.00,4792100,29178980900
2017-08-28,6141.00,6167.00,6118.00,6126.00,4118300,25268539500
2017-08-25,6137.00,6186.00,6120.00,6158.00,4686700,28882986400
2017-08-24,6150.00,6176.00,6106.00,6107.00,4211500,25835021200
2017-08-23,6198.00,6217.00,6156.00,6173.00,5812200,35969747400
2017-08-22,6148.00,6168.00,6117.00,6138.00,5319800,32676844300
2017-08-21,6138.00,6184.00,6105.00,6163.00,6549200,40328861700
2017-08-18,6090.00,6137.00,6078.00,6125.00,6501000,39776636000
2017-08-17,6195.00,6216.00,6170.00,6175.00,5513500,34107338600
2017-08-16,6248.00,6249.00,6175.00,6194.00,5877700,36461524900
2017-08-15,6235.00,6301.00,6232.00,6275.00,7298300,45840439800
2017-08-14,6190.00,6244.00,6158.00,6180.00,8389800,52005790800
2017-08-10,6262.00,6293.00,6250.00,6275.00,7134900,44765249700
2017-08-09,6284.00,6304.00,6205.00,6236.00,7389600,46090888900
2017-08-08,6350.00,6360.00,6311.00,6336.00,5662900,35870075300
2017-08-07,6300.00,6360.00,6292.00,6339.00,9673500,61249835000
2017-08-04,6185.00,6263.00,6176.00,6216.00,7120300,44339241600
2017-08-03,6311.00,6313.00,6202.00,6225.00,6286000,39162666600
2017-08-02,6330.00,6347.00,6296.00,6300.00,6601100,41707719900
2017-08-01,6239.00,6308.00,6220.00,6300.00,7856600,49335580300
2017-07-31,6218.00,6274.00,6216.00,6234.00,7543700,47182927900
2017-07-28,6212.00,6260.00,6205.00,6228.00,6938900,43274833700
2017-07-27,6174.00,6276.00,6170.00,6250.00,8995900,56045705500
2017-07-26,6184.00,6203.00,6171.00,6186.00,6953100,43037094300
2017-07-25,6092.00,6178.00,6089.00,6107.00,6543500,40103666500
2017-07-24,6062.00,6122.00,6045.00,6079.00,7938000,48302268000
2017-07-21,6135.00,6152.00,6118.00,6126.00,5498200,33721203200
2017-07-20,6128.00,6177.00,6108.00,6150.00,6815300,41917074600
2017-07-19,6139.00,6160.00,6108.00,6128.00,7141200,43741708200
2017-07-18,6210.00,6213.00,6155.00,6180.00,7654300,47377841200
2017-07-14,6222.00,6282.00,6221.00,6258.00,8080300,50584742100
2017-07-13,6231.00,6244.00,6189.00,6210.00,6891800,42861276700
2017-07-12,6186.00,6230.00,6170.00,6225.00,8612700,53391087500
2017-07-11,6188.00,6274.00,6188.00,6263.00,8830700,55133495800
2017-07-10,6230.00,6233.00,6182.00,6187.00,7566000,46913203800
2017-07-07,6090.00,6206.00,6085.00,6157.00,10458700,64442122600
2017-07-06,6155.00,6160.00,6103.00,6134.00,10018400,61484925000
2017-07-05,6124.00,6154.00,6092.00,6154.00,10758500,65995840300
2017-07-04,6030.00,6094.00,6028.00,6060.00,11544700,69977595700
2017-07-03,5893.00,5996.00,5887.00,5950.00,11484000,68390135600
2017-06-30,5896.00,5906.00,5867.00,5893.00,7372400,43401079000
2017-06-29,5930.00,5934.00,5886.00,5910.00,6462300,38214481000
2017-06-28,5880.00,5915.00,5879.00,5904.00,6937500,40952501100
2017-06-27,5861.00,5893.00,5860.00,5876.00,4758000,27974328300
2017-06-26,5850.00,5876.00,5838.00,5838.00,3603700,21095698200
2017-06-23,5877.00,5896.00,5851.00,5860.00,4185800,24565224700
2017-06-22,5836.00,5889.00,5830.00,5877.00,5364600,31486672700
2017-06-21,5800.00,5853.00,5790.00,5840.00,7470100,43540541400
2017-06-20,5840.00,5858.00,5809.00,5809.00,7112100,41456957700
2017-06-19,5785.00,5807.00,5768.00,5787.00,5466200,31652558800
2017-06-16,5829.00,5839.00,5790.00,5794.00,12559500,72882437900
2017-06-15,5812.00,5838.00,5792.00,5794.00,6404500,37175268000
2017-06-14,5899.00,5900.00,5858.00,5859.00,4020600,23636369200
2017-06-13,5870.00,5903.00,5839.00,5874.00,5233800,30757225900
2017-06-12,5829.00,5901.00,5822.00,5880.00,5744200,33739700800
2017-06-09,5800.00,5862.00,5793.00,5838.00,8518900,49591402200
2017-06-08,5893.00,5898.00,5800.00,5806.00,9034100,52791102500
2017-06-07,5900.00,5917.00,5874.00,5902.00,5571700,32867374200
2017-06-06,5964.00,5974.00,5907.00,5910.00,6170500,36629423700
2017-06-05,6001.00,6005.00,5964.00,5968.00,7031400,42059011300
2017-06-02,6013.00,6097.00,6010.00,6092.00,8205700,49706035400
2017-06-01,5935.00,6003.00,5933.00,5989.00,4999500,29910977400
2017-05-31,5962.00,5977.00,5925.00,5932.00,5703000,33916810900
2017-05-30,5970.00,5987.00,5949.00,5981.00,3258600,19453994600
2017-05-29,5945.00,5990.00,5944.00,5970.00,3240900,19355437700
2017-05-26,5985.00,5997.00,5940.00,5941.00,5672400,33838683200
2017-05-25,5967.00,6012.00,5955.00,5985.00,4717200,28245965400
2017-05-24,6051.00,6051.00,5987.00,6001.00,4582400,27542100300
2017-05-23,5979.00,6011.00,5961.00,6000.00,4217200,25262436900
2017-05-22,5985.00,6023.00,5962.00,5997.00,4445800,26647695500
2017-05-19,5955.00,5984.00,5927.00,5965.00,6348300,37823578700
2017-05-18,5934.00,5956.00,5923.00,5930.00,6959700,41309729200
2017-05-17,6030.00,6044.00,5991.00,6034.00,7185300,43223388300
2017-05-16,6060.00,6123.00,6054.00,6093.00,6449300,39240415300
2017-05-15,5990.00,6025.00,5983.00,6009.00,5925200,35550291100
2017-05-12,6090.00,6094.00,6020.00,6047.00,8216600,49688911900
2017-05-11,6113.00,6124.00,5975.00,6123.00,13511900,81704734700
2017-05-10,6162.00,6171.00,6081.00,6081.00,7823700,47856841800
2017-05-09,6235.00,6242.00,6122.00,6135.00,7563000,46611575400
2017-05-08,6190.00,6238.00,6174.00,6235.00,9487200,58920703800
2017-05-02,6057.00,6143.00,6048.00,6143.00,5943200,36385527800
2017-05-01,6024.00,6062.00,6006.00,6042.00,3793600,22892980300
2017-04-28,6112.00,6129.00,6020.00,6035.00,6765800,41002808300
2017-04-27,6120.00,6135.00,6095.00,6117.00,6931200,42423563900
2017-04-26,6091.00,6154.00,6066.00,6154.00,8289400,50703483200
2017-04-25,5890.00,6004.00,5887.00,6000.00,7169800,42778272200
2017-04-24,5916.00,5928.00,5864.00,5887.00,5533900,32603939200
2017-04-21,5820.00,5880.00,5812.00,5855.00,7722600,45157796600
2017-04-20,5715.00,5796.00,5704.00,5754.00,6159800,35452243800
2017-04-19,5700.00,5729.00,5687.00,5695.00,7795100,44472485900
2017-04-18,5800.00,5821.00,5753.00,5757.00,6033600,34881627400
2017-04-17,5747.00,5768.00,5708.00,5759.00,4633500,26606480000
2017-04-14,5719.00,5808.00,5670.00,5798.00,7924600,45632565000
2017-04-13,5733.00,5754.00,5672.00,5731.00,7925700,45286410000
2017-04-12,5835.00,5836.00,5781.00,5798.00,7419600,43040441000
2017-04-11,5882.00,5910.00,5840.00,5910.00,4898800,28825717400
2017-04-10,5900.00,5933.00,5881.00,5896.00,5626400,33189741300
2017-04-07,5841.00,5893.00,5813.00,5832.00,8713800,50961295900
2017-04-06,5850.00,5878.00,5804.00,5810.00,9050000,52819565900
2017-04-05,5960.00,5987.00,5882.00,5909.00,7635900,45235232400
2017-04-04,6001.00,6008.00,5955.00,5984.00,7259400,43411778500
2017-04-03,6087.00,6102.00,6026.00,6046.00,5082500,30800316900
2017-03-31,6125.00,6154.00,6042.00,6042.00,7722400,47053411000
2017-03-30,6101.00,6148.00,6100.00,6111.00,4379800,26812949200
2017-03-29,6177.00,6187.00,6117.00,6124.00,7349000,45123038100
2017-03-28,6202.00,6229.00,6193.00,6218.00,6873600,42699166400
2017-03-27,6150.00,6180.00,6136.00,6158.00,5827200,35857190000
2017-03-24,6163.00,6232.00,6145.00,6229.00,6222600,38616779000
2017-03-23,6132.00,6175.00,6100.00,6160.00,8336500,51164438700
2017-03-22,6222.00,6248.00,6161.00,6161.00,11072700,68622682700
2017-03-21,6360.00,6389.00,6329.00,6373.00,5472200,34813728800
2017-03-17,6405.00,6410.00,6373.00,6377.00,7951600,50774839200
2017-03-16,6420.00,6458.00,6408.00,6453.00,5856600,37709309600
2017-03-15,6439.00,6478.00,6423.00,6475.00,3763700,24302469100
2017-03-14,6500.00,6508.00,6451.00,6454.00,5582300,36111747900
2017-03-13,6490.00,6530.00,6467.00,6530.00,4737800,30826404400
2017-03-10,6498.00,6525.00,6480.00,6520.00,8240000,53596779900
2017-03-09,6411.00,6439.00,6397.00,6434.00,5010200,32144575700
2017-03-08,6399.00,6402.00,6360.00,6370.00,5242600,33415529100
2017-03-07,6425.00,6439.00,6414.00,6430.00,4256900,27359923600
2017-03-06,6438.00,6454.00,6420.00,6444.00,3596700,23156569100
2017-03-03,6481.00,6497.00,6427.00,6455.00,6112100,39450288800
2017-03-02,6541.00,6550.00,6470.00,6470.00,7073800,46037774600
2017-03-01,6420.00,6480.00,6400.00,6466.00,8577200,55329004800
2017-02-28,6449.00,6495.00,6365.00,6365.00,12848500,82247913700
2017-02-27,6400.00,6439.00,6358.00,6406.00,5912400,37841771100
2017-02-24,6438.00,6470.00,6431.00,6448.00,4338500,27980528900
2017-02-23,6480.00,6502.00,6453.00,6498.00,3911500,25351263300
2017-02-22,6519.00,6519.00,6462.00,6503.00,6015600,39069118000
2017-02-21,6450.00,6479.00,6439.00,6478.00,4099200,26495429300
2017-02-20,6450.00,6454.00,6386.00,6432.00,4340800,27874511000
2017-02-17,6410.00,6413.00,6358.00,6400.00,5262900,33637917700
2017-02-16,6491.00,6496.00,6410.00,6457.00,5247200,33819133800
2017-02-15,6518.00,6518.00,6479.00,6491.00,4299200,27935615600
2017-02-14,6529.00,6529.00,6445.00,6454.00,6693800,43334859900
2017-02-13,6546.00,6546.00,6480.00,6491.00,6989400,45455086100
2017-02-10,6337.00,6456.00,6331.00,6446.00,9579300,61414682800
2017-02-09,6300.00,6325.00,6220.00,6255.00,11727100,73341629600
2017-02-08,6358.00,6386.00,6324.00,6385.00,5395500,34284138100
2017-02-07,6390.00,6410.00,6312.00,6346.00,10372200,65813949600
2017-02-06,6496.00,6527.00,6446.00,6493.00,6349600,41158169500
2017-02-03,6450.00,6488.00,6405.00,6445.00,7038200,45384062500
2017-02-02,6472.00,6499.00,6406.00,6430.00,8342600,53766314500
2017-02-01,6490.00,6558.00,6432.00,6546.00,8028800,52223166400
2017-01-31,6605.00,6637.00,6584.00,6584.00,6703300,44260367400
2017-01-30,6658.00,6713.00,6652.00,6705.00,4664800,31168834700
2017-01-27,6769.00,6769.00,6677.00,6704.00,7387400,49567917600
2017-01-26,6791.00,6799.00,6746.00,6764.00,7030500,47572476200
2017-01-25,6709.00,6739.00,6677.00,6706.00,7894200,52956870500
2017-01-24,6646.00,6673.00,6575.00,6579.00,9614000,63559013200
2017-01-23,6701.00,6730.00,6683.00,6690.00,7764500,52041665200
2017-01-20,6845.00,6858.00,6794.00,6801.00,7531200,51336181300
2017-01-19,6850.00,6875.00,6813.00,6855.00,7232900,49524754900
2017-01-18,6631.00,6768.00,6621.00,6736.00,8996300,60336028800
2017-01-17,6805.00,6823.00,6718.00,6719.00,8391800,56816298900
2017-01-16,6851.00,6866.00,6802.00,6827.00,5539200,37851534400
2017-01-13,6830.00,6885.00,6823.00,6882.00,6819700,46782645900
2017-01-12,6870.00,6885.00,6800.00,6845.00,7406000,50708946100
2017-01-11,6899.00,6924.00,6875.00,6912.00,6605300,45594253000
2017-01-10,6922.00,6958.00,6861.00,6861.00,8931100,61682071300
2017-01-06,6840.00,6948.00,6830.00,6930.00,11586100,80000907600
2017-01-05,7090.00,7091.00,7023.00,7049.00,7644000,53854875600
2017-01-04,7010.00,7103.00,6975.00,7097.00,9547600,67368147900
2016-12-30,6829.00,6913.00,6800.00,6878.00,6708800,45995953300
2016-12-29,6935.00,6960.00,6838.00,6838.00,11400700,78401296000
2016-12-28,7000.00,7020.00,6958.00,6970.00,4747600,33115275500
2016-12-27,6945.00,7016.00,6930.00,6968.00,6201200,43261935900
2016-12-26,7020.00,7028.00,6964.00,6991.00,5654600,39546955500
2016-12-22,7090.00,7118.00,7063.00,7090.00,6109400,43307740700
2016-12-21,7160.00,7199.00,7103.00,7122.00,7777200,55646726700
2016-12-20,7121.00,7145.00,7088.00,7131.00,5728300,40770377400
2016-12-19,7124.00,7165.00,7073.00,7144.00,6668400,47571352200
2016-12-16,7200.00,7215.00,7110.00,7155.00,10710700,76574464600
2016-12-15,7100.00,7192.00,7095.00,7156.00,14022800,100315002500
2016-12-14,7069.00,7076.00,7017.00,7031.00,7886600,55572907300
2016-12-13,7000.00,7060.00,6960.00,7050.00,8512700,59719997600
2016-12-12,7090.00,7100.00,6940.00,7001.00,10829200,76147239300
2016-12-09,6984.00,7022.00,6954.00,7003.00,12825100,89743446200
2016-12-08,6960.00,6992.00,6932.00,6984.00,13790500,96120288900
2016-12-07,6750.00,6860.00,6739.00,6860.00,12397100,84237995600
2016-12-06,6680.00,6711.00,6670.00,6683.00,8443900,56456744900
2016-12-05,6650.00,6653.00,6592.00,6628.00,8645200,57284174300
2016-12-02,6739.00,6760.00,6675.00,6686.00,9195000,61628911900
2016-12-01,6789.00,6820.00,6682.00,6707.00,14661400,99119837400
2016-11-30,6688.00,6690.00,6625.00,6649.00,10471000,69656125500
2016-11-29,6608.00,6665.00,6600.00,6640.00,7384800,49024395700
2016-11-28,6650.00,6694.00,6560.00,6653.00,10705500,71013915400
2016-11-25,6680.00,6789.00,6595.00,6689.00,18582900,124604190000
2016-11-24,6450.00,6600.00,6432.00,6588.00,17195000,112149130500
2016-11-22,6327.00,6357.00,6270.00,6287.00,8503600,53615466200
2016-11-21,6358.00,6393.00,6343.00,6359.00,8388500,53382614800
2016-11-18,6250.00,6327.00,6240.00,6316.00,13462800,84784717300
2016-11-17,6137.00,6190.00,6131.00,6151.00,9659900,59492681100
2016-11-16,6106.00,6198.00,6100.00,6186.00,11177100,68787765700
2016-11-15,6070.00,6093.00,6040.00,6064.00,8623900,52282376200
2016-11-14,6000.00,6041.00,5973.00,6038.00,10594600,63795784200
2016-11-11,5930.00,6000.00,5902.00,5952.00,14307900,85201543200
2016-11-10,5870.00,5876.00,5784.00,5838.00,14658800,85387320700
2016-11-09,5918.00,5950.00,5492.00,5510.00,28032000,158828693300
2016-11-08,5880.00,5917.00,5831.00,5894.00,8090000,47618867600
2016-11-07,5825.00,5832.00,5775.00,5810.00,7469400,43381604500
2016-11-04,5760.00,5792.00,5666.00,5698.00,13335000,76134119600
2016-11-02,5992.00,5996.00,5914.00,5938.00,8106700,48251728700
2016-11-01,6082.00,6083.00,6039.00,6072.00,5731900,34725376400
2016-10-31,6010.00,6080.00,6006.00,6079.00,5595500,33858423100
2016-10-28,6040.00,6061.00,6024.00,6043.00,7305400,44154450700
2016-10-27,6025.00,6062.00,6001.00,6004.00,5252400,31649177200
2016-10-26,6025.00,6041.00,5998.00,6025.00,5243700,31557983800
2016-10-25,5966.00,6041.00,5962.00,6041.00,6599000,39744708200
2016-10-24,5976.00,5983.00,5941.00,5956.00,5119000,30505246500
2016-10-21,6050.00,6051.00,5966.00,5972.00,6363700,38204647700
2016-10-20,5945.00,6038.00,5942.00,6038.00,6577400,39521972400
2016-10-19,5975.00,5980.00,5940.00,5953.00,5250900,31286525900
2016-10-18,6011.00,6014.00,5947.00,5990.00,5444600,32565173500
2016-10-17,6000.00,6063.00,5991.00,6030.00,5631900,33950694300
2016-10-14,5940.00,5997.00,5922.00,5993.00,6242100,37210375800
2016-10-13,6002.00,6058.00,5954.00,5969.00,7868700,47217391700
2016-10-12,5950.00,6006.00,5940.00,5957.00,5023100,29993202300
2016-10-11,6027.00,6055.00,6003.00,6015.00,5982000,36047305600
2016-10-07,6043.00,6043.00,5976.00,6006.00,5489100,32929367000
2016-10-06,6030.00,6075.00,6022.00,6032.00,6922000,41851557200
2016-10-05,5959.00,5995.00,5939.00,5988.00,6981700,41704790400
2016-10-04,5870.00,5913.00,5860.00,5899.00,6104700,35948459300
2016-10-03,5830.00,5852.00,5791.00,5791.00,5842300,33994829200
2016-09-30,5703.00,5811.00,5703.00,5779.00,10413700,60036839100
2016-09-29,5922.00,5942.00,5888.00,5898.00,7664000,45354268000
2016-09-28,5900.00,5925.00,5861.00,5872.00,8738800,51401382900
2016-09-27,5831.00,6014.00,5824.00,6014.00,10143900,60229614600
